222000000
154000000
140000000
139000000
116000000
111000000
102000000
99700000
99200000
92700000
90200000
86700000
85100000
77100000
76200000
75100000
74100000
70600000
70000000
69700000
67800000
65900000
63000000
61300000
59400000
58100000
57700000
57600000
55700000
55100000
53400000
53000000
52900000
52800000
52500000
52400000
52200000
51700000
51600000
49800000
47600000
47100000
46200000
46100000
45700000
45600000
45600000
45100000
44300000
43900000
43900000
43300000
43300000
43200000
42700000
42500000
42200000
41500000
41300000
41200000
40800000
40600000
40400000
39700000
39600000
39500000
39200000
38800000
38700000
38300000
37800000
37800000
37600000
37600000
37400000
37200000
37200000
37000000
36800000
36500000
36300000
36200000
36000000
35900000
35900000
35800000
35700000
35300000
35300000
35200000
35100000
34400000
34300000
33600000
33600000
33500000
33400000
33400000
33300000
33300000
33200000
33200000
33100000
33000000
32900000
32800000
32700000
32700000
32500000
32300000
32200000
32100000
31900000
31900000
31800000
31600000
31500000
31400000
31000000
30900000
30900000
30800000
30800000
30700000
30600000
30500000
30500000
30400000
30300000
30100000
30000000
29900000
29900000
29700000
29600000
29600000
29500000
29400000
29400000
29200000
29200000
29100000
28700000
28700000
28600000
28600000
28600000
28600000
28600000
28600000
28400000
28400000
28200000
28100000
28100000
28100000
28000000
28000000
27900000
27700000
27600000
27400000
27200000
27100000
27100000
26900000
26800000
26800000
26700000
26600000
26500000
26400000
26400000
26300000
26300000
26300000
26200000
26100000
26100000
25900000
25900000
25800000
25800000
25800000
25700000
25600000
25500000
25500000
25400000
25200000
25200000
25100000
25000000
24900000
24900000
24900000
24900000
24800000
24700000
24600000
24600000
24500000
24400000
24400000
24300000
24300000
24300000
24300000
24300000
24200000
24200000
24100000
24000000
24000000
24000000
23900000
23900000
23900000
23900000
23900000
23500000
23500000
23400000
23400000
23400000
23300000
23200000
23200000
23100000
23100000
23000000
22900000
22900000
22800000
22800000
22700000
22500000
22400000
22400000
22300000
22300000
22300000
22300000
22300000
22200000
22200000
22100000
22100000
22100000
22100000
22100000
22000000
22000000
21900000
21900000
21700000
21700000
21700000
21700000
21600000
21600000
21500000
21500000
21500000
21400000
21200000
21200000
21100000
21100000
21000000
21000000
20900000
20900000
20900000
20900000
20800000
20800000
20800000
20800000
20700000
20700000
20700000
20600000
20500000
20400000
20400000
20400000
20400000
20400000
20400000
20400000
20300000
20300000
20200000
20200000
20100000
20100000
20100000
20100000
20000000
20000000
20000000
20000000
20000000
20000000
19900000
19900000
19900000
19800000
19800000
19800000
19700000
19700000
19700000
19600000
19600000
19600000
19600000
19500000
19500000
19400000
19400000
19400000
19400000
19300000
19300000
19200000
19200000
19200000
19200000
19200000
19100000
19100000
19100000
19100000
19100000
19000000
19000000
19000000
18900000
18800000
18800000
18800000
18700000
18700000
18700000
18700000
18600000
18600000
18600000
18500000
18500000
18500000
18500000
18500000
18400000
18300000
18300000
18300000
18200000
18200000
18200000
18200000
18200000
18200000
18200000
18200000
18200000
18100000
18100000
18100000
18100000
18100000
18000000
18000000
18000000
18000000
18000000
18000000
17900000
17900000
17800000
17800000
17800000
17800000
17800000
17800000
17700000
17700000
17700000
17700000
17700000
17600000
17600000
17600000
17600000
17600000
17600000
17500000
17400000
17400000
17400000
17400000
17400000
17300000
17300000
17300000
17300000
17200000
17200000
17200000
17200000
17200000
17200000
17100000
17100000
17100000
17100000
17100000
17000000
17000000
17000000
17000000
17000000
16900000
16900000
16900000
16900000
16800000
16800000
16800000
16800000
16700000
16700000
16700000
16700000
16700000
16600000
16600000
16600000
16500000
16500000
16500000
16400000
16400000
16400000
16400000
16300000
16300000
16300000
16300000
16300000
16200000
16200000
16200000
16200000
16200000
16200000
16100000
16100000
16100000
16100000
16100000
16100000
16100000
16100000
16100000
16000000
16000000
16000000
16000000
16000000
15900000
15900000
15900000
15900000
15900000
15900000
15900000
15900000
15900000
15900000
15800000
15800000
15800000
15800000
15800000
15700000
15700000
15700000
15700000
15700000
15700000
15700000
15700000
15700000
15600000
15600000
15600000
15500000
15500000
15500000
15500000
15400000
15400000
15400000
15400000
15300000
15300000
15200000
15200000
15200000
15200000
15200000
15200000
15200000
15200000
15100000
15100000
15100000
15100000
15100000
15100000
15000000
15000000
15000000
15000000
15000000
15000000
15000000
15000000
15000000
15000000
15000000
14900000
14900000
14900000
14900000
14900000
14900000
14900000
14900000
14900000
14800000
14800000
14800000
14800000
14800000
14800000
14800000
14800000
14800000
14800000
14800000
14800000
14700000
14700000
14700000
14700000
14700000
14700000
14700000
14700000
14700000
14600000
14600000
14600000
14600000
14600000
14600000
14600000
14600000
14600000
14500000
14500000
14500000
14500000
14500000
14500000
14500000
14500000
14500000
14500000
14500000
14500000
14500000
14500000
14500000
14400000
14400000
14400000
14400000
14400000
14400000
14400000
14400000
14400000
14400000
14400000
14400000
14400000
14300000
14300000
14300000
14300000
14300000
14300000
14200000
14200000
14200000
14200000
14200000
14200000
14200000
14200000
14100000
14100000
14100000
14100000
14100000
14100000
14100000
14100000
14100000
14000000
14000000
14000000
14000000
14000000
14000000
13900000
13900000
13900000
13900000
13900000
13900000
13900000
13900000
13900000
13900000
13900000
13900000
13800000
13800000
13800000
13800000
13800000
13800000
13700000
13700000
13700000
13700000
13700000
13700000
13700000
13700000
13700000
13700000
13600000
13600000
13600000
13600000
13600000
13500000
13500000
13500000
13500000
13500000
13500000
13500000
13400000
13400000
13400000
13400000
13400000
13400000
13400000
13400000
13400000
13400000
13400000
13400000
13400000
13400000
13400000
13300000
13300000
13300000
13300000
13200000
13200000
13200000
13200000
13200000
13200000
13100000
13100000
13100000
13100000
13100000
13100000
13100000
13100000
13100000
13000000
13000000
13000000
13000000
13000000
13000000
13000000
13000000
12900000
12900000
12900000
12900000
12900000
12900000
12900000
12900000
12900000
12900000
12900000
12900000
12900000
12800000
12800000
12800000
12800000
12800000
12800000
12800000
12800000
12800000
12800000
12800000
12800000
12800000
12800000
12800000
12700000
12700000
12700000
12700000
12700000
12700000
12700000
12700000
12600000
12600000
12600000
12600000
12600000
12600000
12600000
12600000
12600000
12600000
12600000
12600000
12600000
12600000
12600000
12500000
12500000
12500000
12500000
12500000
12500000
12500000
12500000
12500000
12500000
12500000
12500000
12500000
12400000
12400000
12400000
12400000
12400000
12400000
12400000
12400000
12400000
12400000
12400000
12400000
12400000
12400000
12400000
12400000
12400000
12400000
12400000
12400000
12300000
12300000
12300000
12300000
12300000
12300000
12300000
12200000
12200000
12200000
12200000
12200000
12200000
12200000
12200000
12200000
12200000
12200000
12200000
12100000
12100000
12100000
12100000
12100000
12100000
12100000
12100000
12100000
12000000
12000000
12000000
12000000
12000000
12000000
12000000
12000000
12000000
12000000
12000000
12000000
11900000
11900000
11900000
11900000
11900000
11900000
11900000
11900000
11900000
11900000
11900000
11900000
11900000
11900000
11900000
11800000
11800000
11800000
11800000
11800000
11800000
11800000
11800000
11800000
11800000
11800000
11800000
11800000
11800000
11800000
11800000
11800000
11800000
11800000
11700000
11700000
11700000
11700000
11700000
11700000
11700000
11700000
11700000
11700000
11700000
11700000
11700000
11700000
11700000
11600000
11600000
11600000
11600000
11600000
11600000
11600000
11600000
11600000
11600000
11500000
11500000
11500000
11500000
11500000
11500000
11500000
11500000
11500000
11500000
11500000
11400000
11400000
11400000
11400000
11400000
11400000
11400000
11400000
11400000
11400000
11400000
11400000
11400000
11400000
11400000
11300000
11300000
11300000
11300000
11300000
11300000
11300000
11300000
11300000
11300000
11300000
11300000
11300000
11300000
11300000
11300000
11300000
11300000
11200000
11200000
11200000
11200000
11200000
11200000
11200000
11200000
11200000
11200000
11200000
11200000
11200000
11200000
11200000
11200000
11200000
11100000
11100000
11100000
11100000
11100000
11100000
11100000
11100000
11100000
11100000
11100000
11100000
11100000
11100000
11100000
11100000
11100000