198
0
135
126
0
28
17
80
82
0
71
49
66
24
25
0
19
82
17
29
24
37
17
29
32
15
39
59
13
53
37
24
20
28
24
25
28
50
22
29
29
26
12
14
9
26
19
10
15
10
4
7
5
24
24
24
12
19
29
17
25
48
7
20
20
37
8
18
33
22
20
15
24
10
13
24
4
34
20
41
3
0
21
19
7
21
15
37
17
21
19
27
14
16
21
14
15
16
19
3
10
6
20
9
52
12
24
10
21
19
25
11
13
26
25
20
23
6
17
14
12
23
25
10
19
19
5
13
13
25
3
16
4
12
20
13
12
0
13
24
4
19
20
13
15
14
15
16
10
4
14
5
21
26
18
7
15
14
10
20
26
14
5
17
3
16
13
5
12
16
19
19
13
13
10
4
19
23
8
19
16
13
23
14
15
7
7
4
7
17
18
21
10
19
16
16
3
23
3
16
9
9
1
7
16
11
8
6
2
12
23
2
6
3
2
13
6
6
4
2
15
6
8
14
10
12
10
7
15
15
6
21
17
51
14
8
6
12
7
13
13
6
5
3
8
3
24
17
11
9
6
12
8
16
14
10
7
4
2
12
10
12
7
6
5
6
4
12
7
12
6
23
10
5
2
10
10
7
4
9
2
2
2
5
12
19
10
7
7
5
5
18
5
22
9
13
8
12
9
1
6
16
5
4
3
6
4
2
15
10
11
13
6
4
26
14
9
4
5
3
12
15
7
1
12
4
7
12
9
4
4
0
9
6
3
2
6
2
2
11
12
4
4
14
9
5
3
11
7
6
15
9
7
7
7
22
19
10
7
5
14
13
21
7
4
4
2
2
10
6
7
4
3
5
5
4
3
3
2
8
4
19
8
6
5
4
3
9
8
6
6
3
16
11
9
9
4
4
2
9
10
8
7
3
19
20
3
1
14
9
7
5
5
4
14
18
6
4
3
8
8
6
6
2
9
11
10
9
6
15
9
6
7
6
7
3
3
12
5
2
6
4
3
15
8
9
4
5
5
5
4
1
9
11
6
4
3
4
13
10
7
8
6
4
4
3
3
11
9
7
4
2
10
10
6
6
4
4
5
3
3
1
8
8
4
3
2
11
13
11
9
10
7
5
3
2
8
6
4
7
6
5
1
6
7
6
3
0
13
8
8
11
6
4
5
3
2
11
8
12
3
2
1
12
9
9
6
8
5
5
4
4
3
2
0
12
19
9
10
7
6
3
2
10
7
8
10
7
5
5
4
4
4
2
1
10
8
8
6
5
5
4
3
6
19
9
8
6
6
3
3
2
1
10
13
13
12
7
6
10
6
5
4
2
3
2
2
1
8
6
6
5
6
7
5
4
4
3
3
2
2
13
10
4
2
2
2
9
7
7
5
5
5
4
3
18
9
12
5
5
4
4
3
3
4
13
8
6
5
3
8
8
6
5
6
6
5
4
4
2
2
2
2
8
7
4
4
3
0
14
7
6
7
4
3
2
2
2
9
9
6
5
2
8
8
6
5
2
2
2
16
10
12
9
8
7
6
5
4
4
4
4
2
1
1
20
12
5
4
6
5
5
5
3
1
12
6
6
5
5
5
4
2
1
0
14
15
6
4
3
2
1
3
13
10
5
6
6
3
3
3
2
2
1
1
6
13
8
7
7
6
7
6
5
4
4
2
2
1
1
19
8
6
7
5
3
3
2
2
11
4
9
7
5
4
4
4
3
3
2
2
1
1
1
9
11
7
5
5
4
5
5
3
3
2
1
11
9
7
9
6
7
7
8
5
6
4
4
3
3
3
2
2
2
1
1
12
7
5
4
4
3
2
6
14
8
8
9
6
6
4
4
3
3
3
10
9
10
5
5
4
3
2
2
12
6
6
6
6
5
5
3
3
2
2
1
5
6
4
4
6
4
4
4
4
3
2
2
1
1
1
14
9
9
8
7
5
5
4
3
3
3
2
2
2
1
2
1
1
1
0
5
9
7
7
7
6
5
4
4
2
2
2
1
0
11
12
5
5
4
5
3
3
3
2
7
11
7
5
6
6
4
4
2
2
1
0
5
9
8
8
5
5
5
4
4
3
3
2
2
1
1
9
9
8
5
6
5
5
5
4
4
4
3
4
2
2
2
1
2
1
12
11
8
6
6
5
5
3
3
2
2
2
2
2
1
4
15
12
8
7
7
6
7
7
6
5
4
3
3
3
2
2